90033
90034
90035
90036
90037
90038
90039
90045
90059
90061
90062
90063
90064
90070
90071
90072
90073
90074
90075
90076
90077
90078
90079
90080
90081
90082
90084
90085
90086
90087
90088
90090
90091
90092
90093
90094
90095
90098
90099
90100
90101
90102
90103
90104
90105
90106
90107
90108
90114
90115
90116
90117
90118
90119
90120
90121
90122
90123
90124
90125
90126
90127
90128
90129
90130
90131
90132
90133
90134
90135
90136
90137
90138
90139
90140
90141
90142
90143
90144
90145
90146
90147
90148
90149
90150
90152
90153
90154
90155
90156
90157
90158
90159
90160
90161
90162
90163
90164
90165
90166
90167
90168
90169
90170
90171
90172
90174
90175
90176
90177
90178
90179
90181
90182
90183
90184
90185
90186
90189
90190
90191
90192
90193
90194
90195
90198
90199
90200
90202
90203
90204
90205
90206
90207
90208
90209
90210
90211
90212
90213
90214
90215
90217
90218
90219
90220
90221
90222
90223
90225
90226
90227
90228
90229
90230
90231
90232
90233
90234
90240
90241
90242
90243
90244
90245
90246
90247
90248
90249
90252
90253
90262
90263
90264
90265
90266
90267
90268
90269
90270
90271
90272
90273
90276
90277
90278
90279
90281
90282
90283
90284
90285
90286
90287
90288
90289
90290
90291
90292
90293
90294
90295
90296
90297
90298
90299
90300
90301
90302
90303
90304
90305
90306
90307
90308
90309
90310
90311
90312
90313
90314
90315
90316
90317
90318
90319
90320
90321
90322
90323
90324
90325
90326
90327
90328
90329
90330
90331
90332
90333
90334
90335
90336
90337
90338
90339
90340
90341
90342
90343
90344
90345
90347
90348
90349
90350
90351
90354
90355
90357
90358
90359
90360
90361
90362
90363
90364
90365
90366
90367
90368
90369
90370
90371
90372
90373
90374
90375
90376
90377
90378
90380
90381
90382
90383
90384
90385
90386
90394
90395
90396
90397
90398
90399
90400
90401
90402
90403
90404
90405
90407
90408
90409
90410
90411
90413
90414
90415
90416
90417
90418
90420
90421
90422
90424
90425
90426
90427
90428
90429
90430
90431
90432
90433
90434
90436
90437
90438
90440
90441
90442
90443
90444
90445
90446
90447
90448
90449
90450
90452
90453
90457
90458
90469
90470
90471
90474
90475
90476
90477
90478
90479
90480
90481
90482
90483
90484
90486
90487
90488
90489
90491
90492
90493
90494
90495
90496
90497
90498
90499
90500
90501
90502
90503
90504
90506
90507
90510
90511
90512
90513
90514
90515
90516
90517
90518
90519
90520
90521
90522
90523
90524
90525
90526
90527
90528
90530
90531
90532
90533
90534
90535
90536
90558
90559
90560
90561
90562
90563
90564
90565
90567
90568
90569
90570
90571
90572
90573
90574
90575
90576
90577
90578
90579
90580
90581
90582
90583
90584
90585
90586
90587
90588
90589
90590
90591
90592
90593
90595
90596
90597
90598
90599
90600
90601
90602
90607
90608
90610
90611
90613
90614
90615
90616
90617
90618
90619
90620
90621
90622
90623
90624
90625
90626
90627
90628
90629
90630
90631
90632
90633
90634
90647
90653
90654
90655
90656
90660
90661
90662
